theta0: 6331.559980189939
theta1: -1105.9721327347058